image_width: 1920
image_height: 1080
camera_name: narrow_stereo/right
camera_matrix:
  rows: 3
  cols: 3
  data: [1641.22109,    0.     , 1150.82354,
            0.     , 1644.93198,  689.28524,
            0.     ,    0.     ,    1.     ]
distortion_model: plumb_bob
distortion_coefficients:
  rows: 1
  cols: 5
  data: [-0.274981, 0.717627, 0.000420, -0.002708, 0.000000]
rectification_matrix:
  rows: 3
  cols: 3
  data: [ 0.99711479, -0.04612191, -0.06028977,
          0.04592148,  0.99893397, -0.00470652,
          0.06044257,  0.00192434,  0.99816982]
projection_matrix:
  rows: 3
  cols: 4
  data: [1899.80998,    0.     , 1184.17767,  -10.63372,
            0.     , 1899.80998,  707.41824,    0.     ,
            0.     ,    0.     ,    1.     ,    0.     ]
